1,5,224~1,7,224
7,8,210~7,8,212
7,6,89~9,6,89
0,9,2~0,9,3
7,8,121~7,8,123
4,3,51~6,3,51
1,4,72~1,5,72
0,8,183~3,8,183
4,2,182~5,2,182
8,3,92~8,6,92
8,7,69~9,7,69
5,5,256~5,7,256
1,4,246~1,4,246
1,7,256~1,9,256
6,1,246~8,1,246
3,6,147~3,6,149
5,0,286~5,2,286
8,9,239~9,9,239
7,3,137~7,5,137
2,1,145~2,1,147
0,5,304~0,5,307
1,1,166~2,1,166
3,4,159~4,4,159
7,9,178~8,9,178
0,3,173~2,3,173
5,0,140~5,2,140
9,8,200~9,8,203
1,0,193~3,0,193
0,8,222~0,9,222
1,3,278~1,3,280
9,0,217~9,1,217
5,2,158~5,5,158
2,0,84~3,0,84
0,7,40~0,8,40
4,6,33~4,7,33
3,5,110~3,7,110
4,0,271~4,2,271
4,2,119~4,4,119
1,4,305~1,6,305
8,3,25~8,5,25
5,6,14~7,6,14
0,7,158~1,7,158
3,3,82~3,4,82
6,5,20~8,5,20
2,3,285~4,3,285
6,2,221~6,5,221
9,0,247~9,0,249
2,2,27~2,4,27
0,7,178~3,7,178
4,3,227~4,5,227
5,3,22~5,5,22
4,9,257~6,9,257
9,6,167~9,6,169
5,5,238~5,7,238
1,1,240~3,1,240
1,4,160~4,4,160
8,0,78~8,2,78
4,2,241~6,2,241
6,7,186~7,7,186
1,3,276~1,5,276
7,2,211~7,5,211
1,1,277~1,1,277
1,7,287~2,7,287
6,7,197~6,8,197
9,3,35~9,3,36
7,1,174~9,1,174
6,1,152~7,1,152
9,1,150~9,3,150
2,3,274~2,6,274
3,6,234~3,8,234
1,1,43~1,1,44
2,0,323~2,1,323
5,0,213~5,1,213
1,2,101~4,2,101
5,0,46~7,0,46
0,7,61~0,9,61
4,3,287~4,5,287
8,1,177~8,2,177
4,9,85~7,9,85
1,5,318~4,5,318
0,6,94~0,8,94
5,3,144~7,3,144
0,1,223~0,4,223
2,6,306~4,6,306
1,9,68~2,9,68
4,5,296~4,8,296
7,1,147~9,1,147
8,3,28~9,3,28
8,7,173~8,9,173
5,4,53~7,4,53
1,5,165~5,5,165
4,1,23~6,1,23
4,6,290~4,9,290
7,8,184~8,8,184
4,9,236~8,9,236
4,4,273~4,4,273
8,0,33~8,0,35
2,6,108~3,6,108
2,5,147~2,5,149
4,9,260~5,9,260
4,1,269~6,1,269
0,4,174~2,4,174
6,1,94~6,4,94
3,6,308~4,6,308
3,6,301~3,8,301
6,5,69~6,7,69
2,8,73~2,8,73
2,6,199~3,6,199
2,0,49~2,1,49
6,2,138~8,2,138
9,6,7~9,8,7
6,5,120~9,5,120
9,3,273~9,6,273
0,5,69~2,5,69
2,7,260~2,9,260
1,9,3~1,9,5
3,4,184~3,6,184
8,0,219~8,2,219
4,6,266~4,6,269
7,6,237~9,6,237
1,4,201~2,4,201
2,3,192~5,3,192
3,1,200~3,3,200
3,0,165~3,2,165
3,1,244~6,1,244
4,0,82~6,0,82
5,1,8~5,1,9
9,3,154~9,6,154
4,7,174~4,7,174
0,0,168~2,0,168
1,3,291~4,3,291
4,1,225~5,1,225
3,3,239~3,5,239
0,6,32~0,8,32
4,4,177~4,6,177
6,7,85~8,7,85
4,4,163~4,5,163
8,2,80~8,2,82
2,5,15~4,5,15
4,5,208~4,6,208
4,0,142~5,0,142
6,5,16~9,5,16
0,7,188~3,7,188
1,7,271~4,7,271
7,7,72~8,7,72
5,2,284~5,5,284
2,1,286~2,4,286
3,5,182~4,5,182
2,0,223~5,0,223
6,9,82~8,9,82
4,9,168~7,9,168
7,7,148~7,9,148
7,9,257~9,9,257
5,7,114~7,7,114
7,3,240~7,6,240
4,8,196~7,8,196
8,7,162~8,9,162
5,3,272~7,3,272
8,4,210~8,6,210
6,5,65~6,5,65
4,1,39~4,4,39
0,2,116~0,5,116
8,1,317~8,4,317
4,5,236~4,7,236
7,9,39~9,9,39
2,3,212~3,3,212
4,2,266~6,2,266
1,2,50~1,4,50
2,3,113~2,5,113
6,2,276~6,5,276
2,6,225~5,6,225
9,3,278~9,4,278
2,0,220~2,3,220
5,2,267~5,5,267
3,1,68~5,1,68
6,3,155~6,3,155
7,0,274~7,3,274
0,8,219~0,8,221
5,3,136~5,6,136
0,7,311~2,7,311
0,9,17~3,9,17
0,1,257~2,1,257
4,5,195~4,8,195
5,6,295~6,6,295
5,0,17~8,0,17
0,6,254~0,6,256
4,4,51~7,4,51
4,2,218~6,2,218
5,2,25~5,5,25
1,7,102~1,9,102
9,3,202~9,4,202
8,4,79~8,5,79
0,6,211~0,8,211
6,8,154~6,9,154
1,3,186~1,3,189
0,5,63~3,5,63
7,1,50~7,3,50
1,3,311~2,3,311
0,4,78~2,4,78
1,1,275~1,2,275
4,2,142~4,2,145
6,4,234~6,6,234
3,8,21~5,8,21
4,9,178~6,9,178
4,5,233~7,5,233
3,5,80~3,7,80
6,6,73~8,6,73
5,4,141~5,6,141
3,4,24~3,7,24
6,8,324~6,8,325
3,4,216~3,6,216
9,6,160~9,8,160
6,2,224~6,2,224
3,1,81~3,3,81
6,4,28~8,4,28
1,9,258~1,9,261
1,1,66~1,1,68
3,2,130~5,2,130
7,3,56~7,4,56
6,6,67~6,9,67
2,5,79~2,6,79
4,5,283~6,5,283
2,7,282~5,7,282
1,7,44~1,9,44
3,1,63~3,4,63
2,1,120~2,4,120
2,5,244~4,5,244
5,5,183~7,5,183
2,3,205~6,3,205
0,6,193~0,6,193
5,1,175~5,1,177
7,9,2~8,9,2
0,1,72~0,3,72
6,2,182~8,2,182
9,9,82~9,9,85
7,6,6~9,6,6
1,6,260~2,6,260
6,3,71~9,3,71
6,2,98~7,2,98
6,0,107~6,0,108
5,1,215~5,2,215
8,1,109~8,1,111
2,6,40~2,8,40
4,8,169~7,8,169
6,2,25~8,2,25
7,5,214~7,8,214
5,5,181~5,6,181
2,4,262~4,4,262
1,2,142~2,2,142
5,2,172~8,2,172
6,0,248~7,0,248
3,6,71~3,7,71
9,0,171~9,0,172
7,2,195~7,4,195
1,9,232~3,9,232
8,1,44~8,4,44
0,5,301~3,5,301
8,2,3~8,5,3
6,3,223~6,3,224
3,5,243~4,5,243
2,3,160~3,3,160
7,4,191~8,4,191
5,6,58~5,7,58
0,6,268~0,8,268
5,7,212~5,9,212
7,8,161~9,8,161
0,9,31~1,9,31
8,3,96~8,3,98
1,9,287~4,9,287
5,7,257~5,7,259
5,3,119~5,5,119
2,2,141~5,2,141
3,6,128~3,9,128
2,9,109~4,9,109
7,8,157~9,8,157
5,6,227~8,6,227
3,4,189~6,4,189
9,2,206~9,2,207
4,8,122~5,8,122
1,0,7~1,0,9
5,2,217~5,5,217
7,0,246~9,0,246
0,5,70~0,6,70
3,6,51~3,8,51
6,3,286~6,5,286
8,4,34~8,6,34
2,5,181~4,5,181
0,2,68~0,3,68
1,7,53~2,7,53
6,2,197~9,2,197
3,6,3~3,6,5
1,7,14~1,9,14
8,2,198~9,2,198
4,0,88~4,0,90
6,8,152~7,8,152
4,1,223~5,1,223
2,3,84~3,3,84
2,5,72~2,8,72
6,3,168~6,4,168
7,7,163~7,7,166
1,4,186~1,4,189
5,5,260~7,5,260
3,8,131~4,8,131
8,5,111~8,8,111
4,7,259~4,8,259
4,3,276~4,5,276
5,5,139~8,5,139
5,8,168~8,8,168
0,9,290~3,9,290
1,8,91~4,8,91
8,1,144~8,4,144
9,4,240~9,6,240
3,5,58~3,7,58
7,6,31~7,8,31
2,1,163~4,1,163
0,4,82~2,4,82
3,0,271~3,2,271
1,8,177~2,8,177
2,8,181~4,8,181
3,7,231~3,9,231
6,1,267~6,3,267
1,1,139~4,1,139
0,7,118~0,8,118
3,2,2~3,3,2
4,0,77~4,2,77
6,8,83~8,8,83
0,8,85~2,8,85
2,8,9~4,8,9
1,6,227~4,6,227
1,1,84~4,1,84
6,5,26~9,5,26
3,1,32~5,1,32
5,8,199~5,8,200
7,7,184~8,7,184
8,3,207~8,4,207
1,0,27~2,0,27
3,9,69~3,9,72
5,3,168~5,5,168
9,8,246~9,9,246
4,3,33~5,3,33
3,0,186~3,2,186
6,1,181~9,1,181
5,5,102~5,7,102
2,0,91~2,0,93
2,5,218~3,5,218
3,3,202~5,3,202
2,5,183~2,7,183
3,2,227~5,2,227
6,1,139~6,1,141
3,6,125~4,6,125
4,2,265~4,4,265
7,4,263~7,7,263
5,9,323~8,9,323
3,1,194~5,1,194
7,1,178~9,1,178
2,1,100~3,1,100
7,6,271~9,6,271
2,6,197~2,8,197
1,3,270~1,5,270
0,0,38~0,2,38
3,6,121~4,6,121
4,1,137~7,1,137
2,0,248~2,1,248
1,9,47~3,9,47
4,8,180~7,8,180
7,0,256~8,0,256
5,6,99~6,6,99
0,9,114~2,9,114
3,5,127~3,7,127
4,8,20~4,9,20
5,4,48~5,5,48
5,1,51~7,1,51
1,0,18~4,0,18
1,3,184~1,4,184
5,4,23~5,4,24
1,0,277~4,0,277
8,1,102~8,1,104
6,1,215~9,1,215
5,4,130~5,7,130
9,6,245~9,9,245
3,7,49~5,7,49
2,2,70~5,2,70
7,1,255~9,1,255
5,1,30~8,1,30
1,1,38~1,3,38
0,4,313~2,4,313
3,6,260~6,6,260
8,7,185~9,7,185
1,7,269~3,7,269
6,6,294~6,9,294
0,0,84~0,1,84
0,1,65~3,1,65
6,0,13~8,0,13
0,0,52~2,0,52
7,4,267~9,4,267
7,2,183~9,2,183
9,6,205~9,8,205
4,9,254~8,9,254
8,3,101~8,3,103
2,9,158~5,9,158
6,1,97~6,3,97
5,8,209~7,8,209
1,0,247~1,0,248
2,1,99~4,1,99
4,4,311~4,7,311
1,1,36~1,4,36
4,5,251~4,9,251
0,6,122~0,8,122
3,1,14~3,3,14
0,5,147~0,7,147
1,0,245~4,0,245
1,1,142~5,1,142
5,2,71~5,3,71
4,3,34~4,5,34
1,8,205~3,8,205
1,7,148~3,7,148
5,2,168~7,2,168
0,8,81~4,8,81
5,3,233~7,3,233
9,0,50~9,0,52
0,7,208~2,7,208
9,6,166~9,9,166
6,4,8~6,8,8
3,8,15~5,8,15
6,7,322~6,9,322
2,4,222~2,6,222
8,8,210~9,8,210
9,7,125~9,8,125
9,0,169~9,2,169
3,1,173~5,1,173
6,4,223~9,4,223
8,1,141~8,3,141
6,1,36~9,1,36
3,5,201~4,5,201
1,0,85~1,0,86
0,1,278~0,1,280
3,7,243~3,8,243
7,4,164~7,6,164
6,8,126~7,8,126
2,5,1~2,5,1
5,7,106~7,7,106
4,7,142~6,7,142
1,7,273~1,9,273
4,5,37~7,5,37
8,4,275~8,7,275
7,9,260~9,9,260
3,1,182~3,3,182
2,6,168~6,6,168
2,6,114~2,6,117
3,1,88~4,1,88
1,9,195~2,9,195
9,6,38~9,8,38
4,5,304~6,5,304
8,6,114~8,9,114
2,3,245~2,5,245
4,9,126~6,9,126
1,0,78~1,1,78
7,6,84~9,6,84
4,3,183~4,5,183
6,8,114~7,8,114
6,0,43~8,0,43
6,8,258~6,9,258
3,3,237~4,3,237
7,6,248~7,8,248
0,2,87~0,3,87
8,2,42~8,5,42
6,1,270~8,1,270
7,1,256~9,1,256
8,4,201~8,6,201
4,1,15~6,1,15
4,2,67~4,2,69
3,3,138~5,3,138
7,5,110~7,7,110
0,6,84~0,8,84
1,3,120~1,5,120
6,3,147~6,5,147
5,4,157~7,4,157
0,6,37~0,6,37
8,6,240~8,7,240
3,2,22~7,2,22
3,2,92~4,2,92
7,0,108~7,2,108
5,1,71~6,1,71
1,2,73~2,2,73
8,5,165~8,8,165
4,5,300~4,5,301
0,0,70~0,2,70
0,5,207~0,5,209
5,8,219~7,8,219
8,2,181~8,4,181
5,5,186~8,5,186
1,4,309~3,4,309
7,0,185~9,0,185
5,3,23~7,3,23
0,0,21~2,0,21
0,6,80~1,6,80
2,6,27~4,6,27
0,1,324~0,3,324
4,9,27~6,9,27
1,3,125~3,3,125
8,7,179~8,7,181
3,1,148~6,1,148
4,5,303~4,8,303
2,2,95~3,2,95
7,2,61~7,2,64
2,5,143~5,5,143
3,9,133~5,9,133
1,9,116~1,9,118
1,6,109~1,7,109
9,0,251~9,1,251
4,1,151~5,1,151
3,1,307~3,4,307
3,3,254~3,6,254
4,9,40~6,9,40
2,3,303~2,5,303
5,5,93~5,5,95
0,3,205~0,5,205
5,0,216~5,1,216
6,3,12~6,6,12
2,3,76~2,6,76
1,8,257~4,8,257
6,0,85~6,3,85
6,3,196~6,3,198
5,3,126~5,5,126
6,5,80~8,5,80
7,2,275~7,4,275
4,7,285~4,9,285
7,0,115~7,0,117
0,6,16~0,8,16
2,1,208~2,3,208
1,1,168~2,1,168
4,4,7~6,4,7
6,2,195~6,5,195
1,6,179~3,6,179
8,5,30~9,5,30
8,1,252~8,4,252
5,4,55~6,4,55
5,7,183~7,7,183
5,5,45~5,6,45
1,0,3~4,0,3
3,5,202~5,5,202
7,6,79~9,6,79
2,0,321~2,2,321
6,2,162~9,2,162
0,5,25~0,5,27
6,9,56~6,9,58
6,2,10~6,4,10
4,7,201~4,7,201
7,1,182~8,1,182
5,1,170~6,1,170
6,6,138~8,6,138
0,0,275~0,2,275
4,3,78~5,3,78
6,1,167~9,1,167
7,0,111~7,0,113
3,2,65~5,2,65
0,9,34~3,9,34
0,8,303~3,8,303
1,7,180~2,7,180
9,5,155~9,8,155
6,3,29~8,3,29
9,5,278~9,8,278
3,5,46~3,7,46
1,7,105~1,7,107
6,2,159~6,2,160
4,9,86~6,9,86
4,3,132~5,3,132
3,5,325~3,6,325
2,3,58~2,3,59
3,6,256~3,6,258
2,0,160~2,2,160
4,6,167~4,8,167
7,1,107~9,1,107
9,4,124~9,6,124
1,4,123~1,6,123
5,1,38~5,4,38
2,7,84~3,7,84
5,0,182~8,0,182
7,1,171~7,3,171
6,3,208~7,3,208
1,2,272~3,2,272
6,1,153~8,1,153
2,3,111~2,6,111
1,1,190~3,1,190
4,4,96~4,4,96
1,7,306~1,8,306
2,3,149~5,3,149
3,3,150~3,5,150
5,7,11~7,7,11
3,3,124~3,5,124
3,7,272~3,9,272
3,2,51~3,4,51
1,7,125~1,8,125
7,3,1~9,3,1
0,1,66~0,2,66
3,4,61~3,7,61
0,7,269~0,9,269
7,4,243~7,5,243
3,6,137~6,6,137
0,2,319~2,2,319
3,0,250~6,0,250
7,0,214~7,3,214
5,8,65~8,8,65
3,1,25~3,3,25
7,6,116~7,8,116
0,7,55~3,7,55
9,3,33~9,5,33
8,2,268~8,4,268
4,5,30~7,5,30
0,6,266~0,8,266
1,4,131~3,4,131
9,4,275~9,5,275
7,4,245~7,7,245
7,2,184~8,2,184
0,3,41~0,5,41
3,5,116~5,5,116
0,1,31~2,1,31
8,9,115~9,9,115
2,3,244~4,3,244
1,4,215~3,4,215
2,0,278~4,0,278
2,3,265~2,4,265
2,1,48~2,2,48
3,0,80~4,0,80
0,4,130~0,6,130
0,3,198~3,3,198
1,7,221~4,7,221
6,2,58~8,2,58
0,1,34~0,1,35
5,8,203~8,8,203
8,2,39~8,4,39
2,6,276~2,6,278
0,0,14~0,2,14
0,8,145~2,8,145
8,6,23~8,9,23
4,6,18~6,6,18
5,8,176~5,8,179
7,4,198~9,4,198
5,1,17~7,1,17
2,3,114~2,5,114
4,5,192~5,5,192
2,2,219~4,2,219
7,7,117~9,7,117
7,1,134~7,4,134
0,5,211~0,5,211
9,6,163~9,9,163
4,7,172~4,8,172
1,3,228~1,5,228
5,3,314~8,3,314
2,5,14~2,7,14
5,3,41~7,3,41
0,2,273~2,2,273
4,4,76~6,4,76
0,6,212~0,7,212
2,7,189~3,7,189
6,2,289~6,3,289
6,6,210~6,8,210
4,4,207~4,7,207
5,5,61~5,6,61
5,4,249~6,4,249
0,3,117~0,5,117
8,7,208~8,9,208
2,1,184~4,1,184
3,7,13~3,9,13
2,5,73~5,5,73
6,5,32~6,5,33
0,3,123~0,3,125
8,5,123~8,8,123
2,4,186~3,4,186
1,2,90~1,2,92
3,2,260~3,4,260
3,1,36~5,1,36
6,2,158~6,4,158
7,7,181~7,8,181
1,9,170~4,9,170
0,7,229~1,7,229
0,7,36~2,7,36
0,8,15~1,8,15
1,1,87~1,3,87
1,0,284~2,0,284
3,3,232~3,5,232
8,4,231~8,6,231
8,9,130~9,9,130
1,7,231~1,9,231
6,4,273~6,7,273
5,0,179~5,3,179
3,3,313~5,3,313
3,9,53~6,9,53
7,6,242~7,7,242
7,5,47~9,5,47
5,7,108~8,7,108
5,3,27~5,3,30
2,2,246~5,2,246
0,5,127~0,7,127
8,0,38~8,3,38
5,7,93~5,8,93
0,3,24~0,5,24
3,4,50~4,4,50
2,4,282~5,4,282
2,2,157~4,2,157
4,4,281~4,7,281
8,6,69~8,6,70
3,3,194~3,6,194
8,6,68~8,8,68
0,1,202~0,3,202
3,2,78~5,2,78
0,8,37~2,8,37
4,2,88~6,2,88
2,3,91~5,3,91
0,6,286~2,6,286
9,6,120~9,7,120
4,7,189~4,9,189
2,2,46~2,4,46
5,7,231~5,9,231
2,1,274~2,2,274
7,1,15~7,4,15
4,6,50~4,9,50
7,5,28~7,6,28
7,1,80~7,4,80
1,4,80~4,4,80
0,7,271~0,8,271
9,7,179~9,9,179
0,9,189~2,9,189
6,9,80~9,9,80
2,4,128~2,7,128
4,3,268~6,3,268
1,3,216~1,6,216
8,4,117~8,6,117
5,8,125~5,9,125
6,3,250~6,5,250
2,3,163~2,4,163
7,0,251~7,0,253
0,3,113~0,5,113
2,0,280~2,0,282
9,6,180~9,8,180
6,4,97~8,4,97
3,7,263~3,7,266
7,0,218~9,0,218
8,0,29~8,1,29
4,0,15~6,0,15
5,0,49~5,0,51
1,4,323~1,5,323
3,9,59~4,9,59
6,1,156~7,1,156
1,9,28~4,9,28
1,0,192~1,2,192
0,5,16~0,5,17
2,1,171~2,4,171
3,4,313~6,4,313
0,6,251~2,6,251
4,6,179~6,6,179
1,9,19~3,9,19
1,8,147~1,8,148
0,4,79~0,4,79
9,4,225~9,6,225
3,0,274~5,0,274
2,0,13~5,0,13
4,6,253~6,6,253
9,9,181~9,9,183
0,7,185~0,8,185
6,8,222~6,8,224
2,2,184~3,2,184
6,0,106~6,2,106
6,0,91~6,2,91
1,7,111~1,9,111
2,2,275~5,2,275
4,0,40~6,0,40
4,0,225~7,0,225
5,2,208~5,3,208
5,0,10~7,0,10
7,1,150~7,1,151
6,6,209~6,7,209
3,5,176~3,7,176
8,9,210~8,9,210
4,6,265~7,6,265
0,5,192~0,5,194
8,6,20~8,8,20
2,5,285~2,8,285
1,5,126~1,7,126
5,6,206~5,9,206
3,9,261~4,9,261
3,7,228~5,7,228
4,1,239~4,4,239
7,6,91~7,8,91
7,2,216~7,4,216
5,0,184~5,0,184
2,2,224~2,2,226
0,0,27~0,3,27
1,6,17~1,7,17
4,5,245~5,5,245
0,6,95~0,7,95
0,5,38~0,8,38
6,7,318~6,9,318
3,0,37~3,2,37
7,9,86~7,9,88
6,6,297~7,6,297
7,3,241~9,3,241
5,6,236~8,6,236
3,3,153~6,3,153
1,6,181~3,6,181
6,8,112~8,8,112
2,6,44~2,6,46
1,7,19~1,8,19
7,3,95~9,3,95
1,0,251~1,3,251
6,8,26~8,8,26
2,1,193~3,1,193
7,8,222~8,8,222
0,7,157~0,9,157
4,3,117~4,5,117
4,6,28~4,7,28
4,8,164~6,8,164
3,0,252~4,0,252
2,4,200~2,6,200
9,4,92~9,6,92
8,3,206~8,5,206
2,7,274~4,7,274
8,2,46~8,2,49
2,2,163~4,2,163
3,6,44~5,6,44
5,7,39~7,7,39
2,1,211~5,1,211
5,1,146~5,3,146
3,3,86~3,4,86
3,3,179~3,5,179
7,7,32~7,8,32
3,2,187~3,3,187
5,8,220~5,8,223
3,5,68~3,7,68
0,4,156~0,5,156
7,1,136~7,3,136
5,0,226~5,0,228
0,2,44~2,2,44
4,6,313~5,6,313
0,9,171~1,9,171
3,4,246~5,4,246
9,4,164~9,7,164
7,2,54~7,4,54
2,3,158~4,3,158
0,1,222~2,1,222
7,3,255~7,5,255
0,0,321~0,2,321
2,2,316~2,5,316
4,4,95~6,4,95
3,5,303~3,5,304
8,5,203~8,7,203
7,4,266~9,4,266
5,8,120~8,8,120
2,4,157~3,4,157
3,2,316~3,4,316
6,6,70~6,7,70
6,2,57~8,2,57
2,3,57~5,3,57
2,9,56~3,9,56
6,1,185~8,1,185
7,6,80~9,6,80
3,3,257~3,5,257
8,2,178~8,3,178
7,1,201~7,2,201
2,3,223~2,4,223
1,5,78~3,5,78
2,8,219~2,9,219
8,6,19~8,8,19
0,0,254~2,0,254
2,9,14~3,9,14
4,2,220~4,4,220
2,8,142~3,8,142
6,6,206~6,8,206
8,7,62~8,9,62
5,2,67~5,5,67
8,5,144~8,5,147
3,2,27~5,2,27
6,4,222~9,4,222
0,6,35~0,8,35
4,4,46~4,6,46
1,6,287~3,6,287
6,2,102~6,3,102
7,2,152~7,4,152
1,2,12~1,5,12
1,9,137~2,9,137
1,7,155~1,7,155
1,6,42~4,6,42
6,8,201~8,8,201
7,8,206~8,8,206
9,0,1~9,0,3
2,6,175~4,6,175
3,5,8~3,8,8
5,7,51~9,7,51
5,1,221~5,3,221
5,6,17~5,7,17
7,4,158~7,6,158
4,5,238~4,8,238
8,0,244~8,2,244
3,2,190~5,2,190
1,6,82~3,6,82
4,8,171~6,8,171
3,4,304~5,4,304
4,3,191~4,6,191
2,7,136~5,7,136
4,2,24~4,5,24
1,9,159~3,9,159
6,7,126~8,7,126
8,2,249~8,4,249
0,8,76~2,8,76
7,3,138~7,5,138
6,1,165~6,4,165
9,6,170~9,8,170
8,0,76~8,3,76
0,6,125~0,8,125
3,7,83~4,7,83
9,3,279~9,5,279
0,1,254~3,1,254
2,8,18~4,8,18
0,4,132~0,6,132
2,6,2~2,6,4
2,0,41~5,0,41
1,5,322~4,5,322
9,8,165~9,9,165
0,2,31~0,2,31
3,4,129~3,5,129
6,7,167~6,9,167
5,3,302~5,5,302
0,0,67~0,3,67
0,7,161~1,7,161
5,6,185~5,8,185
4,9,136~6,9,136
4,6,263~6,6,263
2,9,62~5,9,62
5,6,161~5,8,161
1,8,263~3,8,263
7,3,269~7,5,269
5,4,190~8,4,190
7,9,36~9,9,36
8,9,28~8,9,30
4,9,157~7,9,157
7,1,12~7,3,12
4,6,30~5,6,30
0,4,21~3,4,21
2,6,123~3,6,123
6,2,242~8,2,242
3,7,299~5,7,299
1,6,196~3,6,196
0,5,112~2,5,112
3,6,300~3,7,300
3,1,85~4,1,85
7,1,161~7,5,161
1,8,93~1,9,93
0,2,84~0,4,84
7,5,140~7,7,140
0,5,3~0,7,3
1,8,74~4,8,74
1,6,275~1,8,275
8,6,272~8,8,272
6,0,8~6,3,8
0,3,47~1,3,47
2,4,18~4,4,18
9,4,34~9,4,36
7,9,176~9,9,176
0,0,1~2,0,1
4,4,144~4,7,144
6,4,63~6,5,63
6,1,105~6,3,105
3,0,238~3,2,238
2,3,33~2,4,33
4,6,60~7,6,60
3,1,94~3,3,94
5,2,103~5,4,103
4,5,81~4,5,83
5,5,98~5,6,98
0,4,227~0,4,229
0,5,146~2,5,146
7,3,162~7,7,162
9,0,47~9,2,47
6,9,175~9,9,175
2,5,325~2,7,325
6,9,26~9,9,26
4,8,133~4,8,134
1,6,112~1,8,112
8,3,45~8,5,45
6,3,70~6,5,70
6,2,279~6,4,279
1,9,46~2,9,46
1,7,227~2,7,227
4,7,137~4,7,139
1,2,13~3,2,13
2,0,194~4,0,194
9,5,52~9,8,52
1,1,40~3,1,40
3,0,23~3,3,23
6,5,263~6,5,263
0,5,78~0,8,78
5,3,252~7,3,252
1,3,129~3,3,129
0,7,50~1,7,50
3,5,113~5,5,113
2,7,107~2,9,107
0,8,106~0,9,106
9,2,29~9,4,29
7,2,159~7,5,159
9,2,201~9,2,204
6,6,121~6,9,121
3,6,169~5,6,169
0,3,15~2,3,15
0,3,40~0,6,40
5,2,230~5,5,230
0,7,154~1,7,154
7,4,77~9,4,77
8,4,230~8,6,230
9,7,177~9,9,177
8,6,82~8,8,82
7,8,182~7,8,183
5,9,156~7,9,156
3,4,242~3,7,242
3,4,270~5,4,270
4,1,6~6,1,6
6,2,45~9,2,45
0,0,122~0,2,122
5,2,170~6,2,170
3,3,159~4,3,159
0,2,41~1,2,41
0,7,58~0,9,58
1,7,255~2,7,255
9,4,28~9,7,28
2,7,109~2,7,110
1,8,176~1,9,176
5,2,271~5,2,274
2,2,164~4,2,164
1,4,213~3,4,213
9,8,87~9,9,87
3,5,66~3,7,66
1,3,24~1,5,24
2,3,193~2,3,195
3,6,226~3,7,226
8,5,59~8,7,59
5,0,35~6,0,35
6,3,179~8,3,179
2,3,211~2,4,211
7,8,251~9,8,251
0,1,232~0,3,232
6,8,198~9,8,198
5,9,262~6,9,262
1,1,170~1,2,170
5,9,171~8,9,171
5,2,151~9,2,151
2,9,134~5,9,134
8,7,128~8,9,128
6,2,14~6,5,14
0,0,224~2,0,224
4,4,48~4,6,48
8,6,207~8,6,207
8,4,46~8,4,48
3,1,235~3,3,235
0,0,83~3,0,83
1,6,127~1,9,127
5,7,145~7,7,145
5,1,99~8,1,99
4,2,21~6,2,21
2,3,126~2,4,126
1,8,6~4,8,6
0,5,152~0,8,152
0,2,226~0,4,226
0,7,98~1,7,98
0,9,174~2,9,174
9,3,151~9,5,151
3,8,298~5,8,298
8,4,31~9,4,31
0,8,164~0,8,164
3,2,259~5,2,259
7,1,155~7,2,155
4,7,204~4,8,204
8,1,52~8,3,52
5,0,289~5,1,289
0,8,104~2,8,104
0,0,4~0,3,4
5,3,39~5,4,39
7,7,36~9,7,36
5,5,62~7,5,62
6,8,35~7,8,35
3,0,72~3,2,72
8,1,114~8,3,114
6,8,11~8,8,11
7,6,88~7,7,88
9,2,32~9,5,32
3,6,140~3,8,140
4,1,247~4,2,247
5,1,199~7,1,199
0,0,5~2,0,5
4,0,83~4,0,85
3,2,155~3,5,155
5,1,100~6,1,100
5,2,310~6,2,310
7,4,193~9,4,193
0,8,88~3,8,88
4,2,224~5,2,224
4,7,113~5,7,113
5,1,13~7,1,13
8,5,168~8,6,168
7,3,154~7,5,154
4,5,198~4,7,198
2,9,4~2,9,6
2,5,319~2,5,320
2,5,250~2,8,250
3,7,199~4,7,199
8,6,177~8,9,177
2,7,204~2,7,207
7,7,217~7,9,217
6,2,270~6,5,270
0,8,43~2,8,43
1,4,158~3,4,158
0,4,10~3,4,10
8,1,37~9,1,37
1,1,70~4,1,70
5,2,54~5,3,54
4,1,167~4,2,167
0,4,115~0,7,115
3,8,321~6,8,321
0,1,187~2,1,187
1,2,194~1,2,194
4,0,248~4,1,248
1,8,100~2,8,100
6,6,76~9,6,76
4,7,293~6,7,293
5,9,208~7,9,208
2,5,48~3,5,48
1,4,159~1,6,159
5,7,90~7,7,90
0,6,170~2,6,170
5,7,111~5,8,111
0,5,73~0,5,76
1,0,253~1,3,253
4,2,75~4,5,75
2,6,118~4,6,118
0,4,190~0,7,190
1,4,9~3,4,9
1,0,191~1,2,191
4,5,129~5,5,129
3,2,258~3,3,258
9,4,269~9,6,269
5,6,133~5,8,133
8,4,17~8,6,17
7,4,248~8,4,248
3,1,277~3,3,277
2,7,254~4,7,254
0,8,148~0,8,150
4,4,15~6,4,15
8,4,205~8,6,205
1,8,52~3,8,52
4,5,78~4,8,78
1,4,26~3,4,26
5,2,143~7,2,143
2,6,309~2,9,309
6,9,324~9,9,324
1,1,33~1,2,33
0,2,13~0,4,13
8,2,220~8,2,222
3,4,272~5,4,272
8,4,125~8,6,125
0,0,120~0,3,120
0,8,265~2,8,265
4,3,139~4,3,142
0,4,173~0,6,173
5,3,16~7,3,16
8,3,90~8,6,90
7,6,57~7,9,57
1,7,262~3,7,262
3,5,157~4,5,157
6,2,51~7,2,51
0,2,201~0,4,201
7,0,222~9,0,222
6,1,9~9,1,9
9,8,178~9,9,178
8,2,271~9,2,271
4,2,49~4,5,49
3,6,204~3,8,204
1,3,117~2,3,117
6,4,315~6,7,315
1,7,47~1,7,48
7,6,228~7,6,229
1,9,192~1,9,193
6,1,26~8,1,26
3,3,310~5,3,310
1,3,183~3,3,183
3,3,162~3,4,162
3,1,96~4,1,96
3,3,163~5,3,163
5,1,56~5,3,56
6,1,217~8,1,217
9,1,156~9,3,156
7,5,22~9,5,22
0,3,154~0,5,154
4,8,301~6,8,301
9,2,171~9,5,171
7,0,277~7,2,277
9,1,253~9,2,253
0,3,66~0,6,66
7,7,109~8,7,109
0,7,12~2,7,12
0,8,198~3,8,198
5,8,173~7,8,173
6,1,20~6,3,20
9,5,195~9,5,196
3,0,241~3,1,241
4,4,132~4,6,132
5,2,19~5,5,19
7,6,53~7,8,53
0,8,199~3,8,199
0,2,221~2,2,221
3,8,11~5,8,11
4,0,72~4,2,72
0,1,49~0,2,49
2,7,171~2,9,171
3,1,171~6,1,171
1,0,24~1,0,25
2,5,184~2,7,184
0,5,4~0,7,4
2,4,271~2,4,273
6,4,262~6,7,262
3,8,19~4,8,19
3,6,105~5,6,105
5,4,262~5,5,262
7,6,118~8,6,118
4,0,243~4,4,243
1,6,146~4,6,146
3,1,196~5,1,196
1,4,267~3,4,267
3,5,122~3,7,122
3,1,33~6,1,33
0,4,30~0,6,30
3,9,64~4,9,64
5,3,193~8,3,193
6,6,275~6,7,275
2,7,147~4,7,147
8,6,25~8,8,25
2,1,255~3,1,255
5,7,241~7,7,241
3,8,30~4,8,30
1,6,186~1,9,186
7,5,63~7,6,63
0,8,163~3,8,163
2,3,310~2,5,310
3,5,259~3,5,260
3,1,230~3,3,230
7,3,217~9,3,217
7,6,217~9,6,217
4,4,229~4,7,229
8,2,255~8,3,255
0,9,293~1,9,293
3,4,115~3,7,115
0,7,202~3,7,202
5,9,81~8,9,81
6,7,54~8,7,54
6,1,3~6,4,3
2,5,220~2,7,220
2,8,53~4,8,53
4,8,302~4,9,302
1,2,189~3,2,189
3,5,299~5,5,299
9,4,194~9,5,194
2,3,8~4,3,8
7,7,33~7,9,33
5,7,104~8,7,104
5,2,123~5,6,123
2,4,145~4,4,145
6,0,268~6,2,268
2,4,188~2,4,190
6,5,77~6,9,77
5,1,132~8,1,132
3,3,283~3,6,283
9,4,186~9,5,186
4,4,118~5,4,118
9,3,74~9,5,74
1,1,76~1,3,76
6,1,186~9,1,186
1,0,167~3,0,167
4,1,131~4,4,131
4,4,244~6,4,244
3,0,6~3,4,6
6,8,119~8,8,119
0,6,215~0,7,215
9,5,39~9,7,39
9,3,200~9,4,200
7,6,151~7,8,151
3,6,53~6,6,53
9,6,182~9,7,182
1,3,133~1,6,133
5,6,160~7,6,160
6,5,198~6,7,198
4,0,37~7,0,37
0,2,47~2,2,47
4,4,186~6,4,186
1,6,9~1,9,9
0,4,22~0,4,22
3,6,28~3,8,28
6,0,31~8,0,31
7,3,143~9,3,143
2,4,164~5,4,164
6,6,100~8,6,100
2,9,130~3,9,130
8,3,99~9,3,99
1,3,303~1,6,303
0,7,91~0,9,91
2,8,262~3,8,262
3,7,29~3,7,31
2,9,67~3,9,67
1,4,278~4,4,278
1,4,124~1,7,124
1,6,223~3,6,223
7,2,28~8,2,28
7,6,213~7,8,213
0,1,123~0,1,127
1,6,217~1,8,217
2,2,23~2,5,23
1,1,143~3,1,143
4,2,89~4,4,89
8,7,21~8,7,21
6,1,96~9,1,96
3,2,268~5,2,268
4,4,2~4,4,5
5,5,92~5,8,92
5,5,269~5,7,269
5,4,258~5,5,258
1,2,45~1,4,45
2,9,139~5,9,139
1,3,242~4,3,242
2,2,30~2,4,30
4,7,188~6,7,188
8,1,273~9,1,273
9,5,123~9,7,123
9,7,242~9,9,242
1,4,226~4,4,226
3,7,116~4,7,116
5,5,255~5,8,255
0,3,134~1,3,134
0,2,127~0,4,127
0,5,248~2,5,248
0,0,30~0,2,30
7,3,117~9,3,117
2,6,176~2,6,178
4,1,289~4,4,289
3,2,308~6,2,308
8,5,141~8,5,143
5,3,122~6,3,122
0,7,1~2,7,1
6,8,37~6,9,37
2,0,87~2,0,89
7,4,165~7,4,167
5,8,264~5,9,264
2,6,259~4,6,259
1,6,99~1,9,99
6,0,33~7,0,33
4,9,3~4,9,6
4,0,9~4,3,9
2,7,3~2,9,3
4,3,248~4,6,248
4,0,292~6,0,292
7,4,58~9,4,58
6,6,237~6,8,237
7,2,181~7,3,181
0,3,273~3,3,273
2,4,151~4,4,151
1,1,172~1,3,172
5,6,56~8,6,56
1,3,46~1,5,46
4,2,100~6,2,100
6,3,74~8,3,74
0,5,14~1,5,14
5,0,129~5,4,129
1,1,244~1,4,244
7,7,128~7,7,128
4,8,206~4,8,208
7,4,184~9,4,184
9,6,3~9,9,3
7,0,186~9,0,186
5,5,23~6,5,23
2,8,306~2,9,306
6,4,148~6,5,148
0,6,121~0,8,121
2,3,251~4,3,251
5,9,234~6,9,234
0,8,218~2,8,218
7,1,48~7,4,48
2,7,160~2,9,160
2,3,270~2,5,270
4,6,172~6,6,172
6,9,174~7,9,174
1,2,48~1,4,48
0,1,229~0,3,229
0,5,174~1,5,174
